Test3:
	q_11 = 10;
q_22 = 10;
q_33 = 100;

r_11 = 1;
r_22 = 1;
poles =

  -1.2760 + 0.3358i
  -1.2760 - 0.3358i
  -0.8859 + 0.0000i

Test4: samme med sprangrespons:
	
Test1_integral:
q_11 = 10;
q_22 = 10;
q_33 = 10;
q_44 = 10;
q_55 = 10;

r_11 = 1;
r_22 = 1;
K =

    0.0000    0.0000    9.0218    0.0000   -3.1623
    6.8867    5.9177   -0.0000   -3.1623   -0.0000


poles =

  -1.5115 + 0.0000i
  -0.8731 + 0.6240i
  -0.8731 - 0.6240i
  -0.3996 + 0.3471i
  -0.3996 - 0.3471i

Test2 integral:
q_11 = 10;
q_22 = 10;
q_33 = 10;
q_44 = 100;
q_55 = 100;

r_11 = 1;
r_22 = 1;
K =

   -0.0000    0.0000   15.3545    0.0000  -10.0000
   12.6298    7.4756   -0.0000  -10.0000    0.0000


poles =

  -2.0240 + 0.0000i
  -1.0457 + 1.2753i
  -1.0457 - 1.2753i
  -0.6801 + 0.6506i
  -0.6801 - 0.6506i

Test3_integral:
q_11 = 10;
q_22 = 10;
q_33 = 100;
q_44 = 10;
q_55 = 10;

r_11 = 1;
r_22 = 1;

K =

    0.0000    0.0000   13.0917    0.0000   -3.1623
    6.8867    5.9177   -0.0000   -3.1623    0.0000


poles =

  -1.5115 + 0.0000i
  -0.8731 + 0.6240i
  -0.8731 - 0.6240i
  -0.3430 + 0.0000i
  -0.8168 + 0.0000i

Notes: oscillating rotors when elevation ref is changed